{"producer":{"name":"Blender","version":"2.78 (sub 0)","exporter_version":"5.1.0","file":"alice.babylon"},
"autoClear":true,"clearColor":[0.0509,0.0509,0.0509],"ambientColor":[0,0,0],"gravity":[0,-9.81,0],
"materials":[{"name":"alice.DefaultSkin","id":"alice.DefaultSkin","ambient":[1,0.758,0.6133],"diffuse":[0.843,0.639,0.517],"specular":[0.15,0.15,0.15],"emissive":[0,0,0],"specularPower":245,"alpha":1,"backFaceCulling":true,"checkReadyOnlyOnce":false,"maxSimultaneousLights":4},
{"name":"alice.Shirts","id":"alice.Shirts","ambient":[1,1,1],"diffuse":[0.8,0.8,0.8],"specular":[0,0,0],"emissive":[0,0,0],"specularPower":50,"alpha":1,"backFaceCulling":true,"checkReadyOnlyOnce":false,"maxSimultaneousLights":4},
{"name":"alice.Skirt","id":"alice.Skirt","ambient":[0.0215,0.0168,0.07],"diffuse":[0.0172,0.0134,0.056],"specular":[0,0,0],"emissive":[0,0,0],"specularPower":50,"alpha":1,"backFaceCulling":true,"checkReadyOnlyOnce":false,"maxSimultaneousLights":4},
{"name":"alice.hair","id":"alice.hair","ambient":[0.7861,0.8,0.3226],"diffuse":[0.6289,0.64,0.2581],"specular":[0,0,0],"emissive":[0,0,0],"specularPower":50,"alpha":1,"backFaceCulling":true,"checkReadyOnlyOnce":false,"maxSimultaneousLights":4},
{"name":"alice.shoes","id":"alice.shoes","ambient":[0.0352,0.0352,0.0352],"diffuse":[0.0282,0.0282,0.0282],"specular":[0.5,0.5,0.5],"emissive":[0,0,0],"specularPower":50,"alpha":1,"backFaceCulling":true,"checkReadyOnlyOnce":false,"maxSimultaneousLights":4}],
"multiMaterials":[{"name":"alice.Multimaterial#0","id":"alice.Multimaterial#0","materials":["alice.DefaultSkin","alice.Shirts","alice.Skirt","alice.hair","alice.shoes"]},{"name":"alice.Multimaterial#1","id":"alice.Multimaterial#1","materials":["alice.DefaultSkin","alice.Shirts","alice.Skirt","alice.hair"]},{"name":"alice.Multimaterial#2","id":"alice.Multimaterial#2","materials":["alice.DefaultSkin","alice.Shirts","alice.Skirt","alice.hair","alice.shoes"]}],
"skeletons":[{"name":"alice","id":0,"dimensionsAtRest":[0.7323,1.2953,0.2422],"bones":[
{"name":"Root","index":0,"matrix":[1,0,0,0,0,1,0,0,0,0,-1,0,0,0.0036,0.0018,1],"rest":[1,0,0,0,0,1,0,0,0,0,-1,0,0,0.0036,0.0018,1],"parentBoneIndex":-1,"length":0.0659
,"animation":{"dataType":3,"framePerSecond":24,"keys":[
{"frame":1,"values":[1,0,0,0,0,1,0,0,0,0,-1,0,0,0.0036,0.0018,1]},
{"frame":2,"values":[1,0,0,0,0,1,0,0,0,0,-1,0,0,0.0036,0.0018,1]},
{"frame":11,"values":[1,0,0,0,0,1,0,0,0,0,-1,0,0,0.0036,0.0018,1]},
{"frame":12,"values":[1,0,0,0,0,1,0,0,0,0,-1,0,0,0.0036,0.0018,1]}],"loopBehavior":1,"name":"anim","property":"_matrix"}},
{"name":"pelvis","index":1,"matrix":[1,0,0,0,0,0.0317,0.9995,0,0,-0.9995,0.0317,0,0,0.7715,0.003,1],"rest":[1,0,0,0,0,0.0317,0.9995,0,0,-0.9996,0.0317,0,0,0.7715,0.003,1],"parentBoneIndex":0,"length":0.0573
,"animation":{"dataType":3,"framePerSecond":24,"keys":[
{"frame":1,"values":[1,0,0,0,0,0.0317,0.9995,0,0,-0.9995,0.0317,0,0,0.7715,0.003,1]},
{"frame":2,"values":[1,0,0,0,0,0.0317,0.9995,0,0,-0.9995,0.0317,0,0,0.7715,0.003,1]},
{"frame":11,"values":[1,0,0,0,0,0.0317,0.9995,0,0,-0.9995,0.0317,0,0,0.7715,0.003,1]},
{"frame":12,"values":[1,0,0,0,0,0.0317,0.9995,0,0,-0.9995,0.0317,0,0,0.7715,0.003,1]}],"loopBehavior":1,"name":"anim","property":"_matrix"}},
{"name":"spine_01","index":2,"matrix":[1,0,0,0,0,-0.2861,-0.9582,0,0,0.9582,-0.2861,0,0,0.0573,0,1],"rest":[1,0,0,0,0,-0.2862,-0.9581,0,0,0.9582,-0.2861,0,0,0.0573,0,1],"parentBoneIndex":1,"length":0.0391
,"animation":{"dataType":3,"framePerSecond":24,"keys":[
{"frame":1,"values":[1,0,0,0,0,-0.2861,-0.9582,0,0,0.9582,-0.2861,0,0,0.0573,0,1]},
{"frame":2,"values":[1,0,0,0,0,-0.2861,-0.9582,0,0,0.9582,-0.2861,0,0,0.0573,0,1]},
{"frame":11,"values":[1,0,0,0,0,-0.2861,-0.9582,0,0,0.9582,-0.2861,0,0,0.0573,0,1]},
{"frame":12,"values":[1,0,0,0,0,-0.2861,-0.9582,0,0,0.9582,-0.2861,0,0,0.0573,0,1]}],"loopBehavior":1,"name":"anim","property":"_matrix"}},
{"name":"spine_02","index":3,"matrix":[1,0,0,0,0,0.9863,0.1649,0,0,-0.1649,0.9863,0,0,0.0391,0,1],"rest":[1,0,0,0,0,0.9863,0.1649,0,0,-0.1649,0.9863,0,0,0.0391,0,1],"parentBoneIndex":2,"length":0.0456
,"animation":{"dataType":3,"framePerSecond":24,"keys":[
{"frame":1,"values":[1,0,0,0,0,0.9863,0.1649,0,0,-0.1649,0.9863,0,0,0.0391,0,1]},
{"frame":2,"values":[1,0,0,0,0,0.9863,0.1649,0,0,-0.1649,0.9863,0,0,0.0391,0,1]},
{"frame":11,"values":[1,0,0,0,0,0.9863,0.1649,0,0,-0.1649,0.9863,0,0,0.0391,0,1]},
{"frame":12,"values":[1,0,0,0,0,0.9863,0.1649,0,0,-0.1649,0.9863,0,0,0.0391,0,1]}],"loopBehavior":1,"name":"anim","property":"_matrix"}},
{"name":"spine_03","index":4,"matrix":[1,0,0,0,0,0.9739,0.2271,0,0,-0.2271,0.9739,0,0,0.0456,0,1],"rest":[1,0,0,0,0,0.9739,0.2271,0,0,-0.2271,0.9739,0,0,0.0456,0,1],"parentBoneIndex":3,"length":0.1472
,"animation":{"dataType":3,"framePerSecond":24,"keys":[
{"frame":1,"values":[1,0,0,0,0,0.9739,0.2271,0,0,-0.2271,0.9739,0,0,0.0456,0,1]},
{"frame":2,"values":[1,0,0,0,0,0.9739,0.2271,0,0,-0.2271,0.9739,0,0,0.0456,0,1]},
{"frame":11,"values":[1,0,0,0,0,0.9739,0.2271,0,0,-0.2271,0.9739,0,0,0.0456,0,1]},
{"frame":12,"values":[1,0,0,0,0,0.9739,0.2271,0,0,-0.2271,0.9739,0,0,0.0456,0,1]}],"loopBehavior":1,"name":"anim","property":"_matrix"}},
{"name":"neck_01","index":5,"matrix":[1,0,0,0,0,0.9702,-0.2423,0,0,0.2423,0.9702,0,0,0.1472,0,1],"rest":[1,0,0,0,0,0.9702,-0.2423,0,0,0.2423,0.9702,0,0,0.1472,0,1],"parentBoneIndex":4,"length":0.1842
,"animation":{"dataType":3,"framePerSecond":24,"keys":[
{"frame":1,"values":[1,0,0,0,0,0.9702,-0.2423,0,0,0.2423,0.9702,0,0,0.1472,0,1]},
{"frame":2,"values":[1,0,0,0,0,0.9702,-0.2423,0,0,0.2423,0.9702,0,0,0.1472,0,1]},
{"frame":11,"values":[1,0,0,0,0,0.9702,-0.2423,0,0,0.2423,0.9702,0,0,0.1472,0,1]},
{"frame":12,"values":[1,0,0,0,0,0.9702,-0.2423,0,0,0.2423,0.9702,0,0,0.1472,0,1]}],"loopBehavior":1,"name":"anim","property":"_matrix"}},
{"name":"head","index":6,"matrix":[1,0,0,0,0,0.9319,0.3627,0,0,-0.3627,0.9319,0,0,0.1842,0,1],"rest":[1,0,0,0,0,0.9319,0.3627,0,0,-0.3627,0.9319,0,0,0.1842,0,1],"parentBoneIndex":5,"length":0.1139
,"animation":{"dataType":3,"framePerSecond":24,"keys":[
{"frame":1,"values":[1,0,0,0,0,0.9319,0.3627,0,0,-0.3627,0.9319,0,0,0.1842,0,1]},
{"frame":2,"values":[1,0,0,0,0,0.9319,0.3627,0,0,-0.3627,0.9319,0,0,0.1842,0,1]},
{"frame":11,"values":[1,0,0,0,0,0.9319,0.3627,0,0,-0.3627,0.9319,0,0,0.1842,0,1]},
{"frame":12,"values":[1,0,0,0,0,0.9319,0.3627,0,0,-0.3627,0.9319,0,0,0.1842,0,1]}],"loopBehavior":1,"name":"anim","property":"_matrix"}},
{"name":"clavicle_l","index":7,"matrix":[0.9817,-0.1316,0.1378,0,0.179,0.8843,-0.4312,0,-0.0651,0.448,0.8917,0,0,0.1472,0,1],"rest":[0.9817,-0.1316,0.1378,0,0.179,0.8843,-0.4312,0,-0.0651,0.448,0.8917,0,0,0.1472,0,1],"parentBoneIndex":4,"length":0.1303
,"animation":{"dataType":3,"framePerSecond":24,"keys":[
{"frame":1,"values":[0.9817,-0.1316,0.1378,0,0.179,0.8843,-0.4312,0,-0.0651,0.448,0.8917,0,0,0.1472,0,1]},
{"frame":2,"values":[0.9817,-0.1316,0.1378,0,0.179,0.8843,-0.4312,0,-0.0651,0.448,0.8917,0,0,0.1472,0,1]},
{"frame":11,"values":[0.9817,-0.1316,0.1378,0,0.179,0.8843,-0.4312,0,-0.0651,0.448,0.8917,0,0,0.1472,0,1]},
{"frame":12,"values":[0.9817,-0.1316,0.1378,0,0.179,0.8843,-0.4312,0,-0.0651,0.448,0.8917,0,0,0.1472,0,1]}],"loopBehavior":1,"name":"anim","property":"_matrix"}},
{"name":"upperarm_l","index":8,"matrix":[0.0921,-0.1069,0.99,0,0.9814,0.1777,-0.0721,0,-0.1682,0.9783,0.1212,0,0,0.1303,0,1],"rest":[0.0921,-0.1069,0.99,0,0.9814,0.1777,-0.0721,0,-0.1682,0.9783,0.1212,0,0,0.1303,0,1],"parentBoneIndex":7,"length":0.0781
,"animation":{"dataType":3,"framePerSecond":24,"keys":[
{"frame":1,"values":[0.0921,-0.1069,0.99,0,0.9814,0.1777,-0.0721,0,-0.1682,0.9783,0.1212,0,0,0.1303,0,1]},
{"frame":2,"values":[0.0921,-0.1069,0.99,0,0.9814,0.1777,-0.0721,0,-0.1682,0.9783,0.1212,0,0,0.1303,0,1]},
{"frame":11,"values":[0.0921,-0.1069,0.99,0,0.9814,0.1777,-0.0721,0,-0.1682,0.9783,0.1212,0,0,0.1303,0,1]},
{"frame":12,"values":[0.0921,-0.1069,0.99,0,0.9814,0.1777,-0.0721,0,-0.1682,0.9783,0.1212,0,0,0.1303,0,1]}],"loopBehavior":1,"name":"anim","property":"_matrix"}},
{"name":"lowerarm_l","index":9,"matrix":[0.7009,0.7122,-0.0391,0,-0.3074,0.2521,-0.9176,0,-0.6436,0.6552,0.3956,0,0,0.0781,0,1],"rest":[0.7672,0.5927,0.2453,0,-0.2006,0.5849,-0.7859,0,-0.6093,0.5537,0.5676,0,0,0.0781,0,1],"parentBoneIndex":8,"length":0.2456
,"animation":{"dataType":3,"framePerSecond":24,"keys":[
{"frame":1,"values":[0.7009,0.7122,-0.0391,0,-0.3074,0.2521,-0.9176,0,-0.6436,0.6552,0.3956,0,0,0.0781,0,1]},
{"frame":2,"values":[0.7009,0.7122,-0.0391,0,-0.3074,0.2521,-0.9176,0,-0.6436,0.6552,0.3956,0,0,0.0781,0,1]},
{"frame":11,"values":[0.7009,0.7122,-0.0391,0,-0.3074,0.2521,-0.9176,0,-0.6436,0.6552,0.3956,0,0,0.0781,0,1]},
{"frame":12,"values":[0.7009,0.7122,-0.0391,0,-0.3074,0.2521,-0.9176,0,-0.6436,0.6552,0.3956,0,0,0.0781,0,1]}],"loopBehavior":1,"name":"anim","property":"_matrix"}},
{"name":"hand_l","index":10,"matrix":[0.9288,-0.0347,0.369,0,0.0647,0.9955,-0.0693,0,-0.3649,0.0883,0.9269,0,0,0.2456,0,1],"rest":[0.7623,-0.2007,0.6153,0,0.5731,0.6512,-0.4975,0,-0.3008,0.7319,0.6115,0,0,0.2456,0,1],"parentBoneIndex":9,"length":0.1711
,"animation":{"dataType":3,"framePerSecond":24,"keys":[
{"frame":1,"values":[0.9288,-0.0347,0.369,0,0.0647,0.9955,-0.0693,0,-0.3649,0.0883,0.9269,0,0,0.2456,0,1]},
{"frame":2,"values":[0.9288,-0.0347,0.369,0,0.0647,0.9955,-0.0693,0,-0.3649,0.0883,0.9269,0,0,0.2456,0,1]},
{"frame":11,"values":[0.9288,-0.0347,0.369,0,0.0647,0.9955,-0.0693,0,-0.3649,0.0883,0.9269,0,0,0.2456,0,1]},
{"frame":12,"values":[0.9288,-0.0347,0.369,0,0.0647,0.9955,-0.0693,0,-0.3649,0.0883,0.9269,0,0,0.2456,0,1]}],"loopBehavior":1,"name":"anim","property":"_matrix"}},
{"name":"index_01_l","index":11,"matrix":[0.8325,-0.0791,-0.5484,0,-0.0935,0.9555,-0.2799,0,0.5461,0.2843,0.788,0,0,0.1711,0,1],"rest":[0.8325,-0.0791,-0.5484,0,-0.0935,0.9555,-0.2799,0,0.5461,0.2843,0.788,0,0,0.1711,0,1],"parentBoneIndex":10,"length":0.076
,"animation":{"dataType":3,"framePerSecond":24,"keys":[
{"frame":1,"values":[0.8325,-0.0791,-0.5484,0,-0.0935,0.9555,-0.2799,0,0.5461,0.2843,0.788,0,0,0.1711,0,1]},
{"frame":2,"values":[0.8325,-0.0791,-0.5484,0,-0.0935,0.9555,-0.2799,0,0.5461,0.2843,0.788,0,0,0.1711,0,1]},
{"frame":11,"values":[0.8325,-0.0791,-0.5484,0,-0.0935,0.9555,-0.2799,0,0.5461,0.2843,0.788,0,0,0.1711,0,1]},
{"frame":12,"values":[0.8325,-0.0791,-0.5484,0,-0.0935,0.9555,-0.2799,0,0.5461,0.2843,0.788,0,0,0.1711,0,1]}],"loopBehavior":1,"name":"anim","property":"_matrix"}},
{"name":"index_02_l","index":12,"matrix":[0.3607,0.1876,0.9136,0,-0.2668,0.9594,-0.0916,0,-0.8937,-0.2107,0.3961,0,0,0.076,0,1],"rest":[0.3607,0.1876,0.9136,0,-0.2668,0.9594,-0.0916,0,-0.8937,-0.2107,0.3961,0,0,0.076,0,1],"parentBoneIndex":11,"length":0.0234
,"animation":{"dataType":3,"framePerSecond":24,"keys":[
{"frame":1,"values":[0.3607,0.1876,0.9136,0,-0.2668,0.9594,-0.0916,0,-0.8937,-0.2107,0.3961,0,0,0.076,0,1]},
{"frame":2,"values":[0.3607,0.1876,0.9136,0,-0.2668,0.9594,-0.0916,0,-0.8937,-0.2107,0.3961,0,0,0.076,0,1]},
{"frame":11,"values":[0.3607,0.1876,0.9136,0,-0.2668,0.9594,-0.0916,0,-0.8937,-0.2107,0.3961,0,0,0.076,0,1]},
{"frame":12,"values":[0.3607,0.1876,0.9136,0,-0.2668,0.9594,-0.0916,0,-0.8937,-0.2107,0.3961,0,0,0.076,0,1]}],"loopBehavior":1,"name":"anim","property":"_matrix"}},
{"name":"index_03_l","index":13,"matrix":[0.9694,0.0727,0.2344,0,-0.0985,0.9901,0.1,0,-0.2248,-0.12,0.967,0,0,0.0234,0,1],"rest":[0.9694,0.0727,0.2344,0,-0.0985,0.9901,0.1,0,-0.2248,-0.12,0.967,0,0,0.0234,0,1],"parentBoneIndex":12,"length":0.0206
,"animation":{"dataType":3,"framePerSecond":24,"keys":[
{"frame":1,"values":[0.9694,0.0727,0.2344,0,-0.0985,0.9901,0.1,0,-0.2248,-0.12,0.967,0,0,0.0234,0,1]},
{"frame":2,"values":[0.9694,0.0727,0.2344,0,-0.0985,0.9901,0.1,0,-0.2248,-0.12,0.967,0,0,0.0234,0,1]},
{"frame":11,"values":[0.9694,0.0727,0.2344,0,-0.0985,0.9901,0.1,0,-0.2248,-0.12,0.967,0,0,0.0234,0,1]},
{"frame":12,"values":[0.9694,0.0727,0.2344,0,-0.0985,0.9901,0.1,0,-0.2248,-0.12,0.967,0,0,0.0234,0,1]}],"loopBehavior":1,"name":"anim","property":"_matrix"}},
{"name":"middle_01_l","index":14,"matrix":[0.7548,0.0429,-0.6545,0,-0.0746,0.997,-0.0207,0,0.6516,0.0645,0.7558,0,0,0.1711,0,1],"rest":[0.7548,0.0429,-0.6545,0,-0.0746,0.997,-0.0207,0,0.6516,0.0645,0.7558,0,0,0.1711,0,1],"parentBoneIndex":10,"length":0.0716
,"animation":{"dataType":3,"framePerSecond":24,"keys":[
{"frame":1,"values":[0.7548,0.0429,-0.6545,0,-0.0746,0.997,-0.0207,0,0.6516,0.0645,0.7558,0,0,0.1711,0,1]},
{"frame":2,"values":[0.7548,0.0429,-0.6545,0,-0.0746,0.997,-0.0207,0,0.6516,0.0645,0.7558,0,0,0.1711,0,1]},
{"frame":11,"values":[0.7548,0.0429,-0.6545,0,-0.0746,0.997,-0.0207,0,0.6516,0.0645,0.7558,0,0,0.1711,0,1]},
{"frame":12,"values":[0.7548,0.0429,-0.6545,0,-0.0746,0.997,-0.0207,0,0.6516,0.0645,0.7558,0,0,0.1711,0,1]}],"loopBehavior":1,"name":"anim","property":"_matrix"}},
{"name":"middle_02_l","index":15,"matrix":[0.5231,0.3071,0.795,0,-0.3173,0.9359,-0.1528,0,-0.791,-0.1724,0.5871,0,0,0.0716,0,1],"rest":[0.5231,0.3071,0.795,0,-0.3173,0.9359,-0.1528,0,-0.791,-0.1724,0.5871,0,0,0.0716,0,1],"parentBoneIndex":14,"length":0.0303
,"animation":{"dataType":3,"framePerSecond":24,"keys":[
{"frame":1,"values":[0.5231,0.3071,0.795,0,-0.3173,0.9359,-0.1528,0,-0.791,-0.1724,0.5871,0,0,0.0716,0,1]},
{"frame":2,"values":[0.5231,0.3071,0.795,0,-0.3173,0.9359,-0.1528,0,-0.791,-0.1724,0.5871,0,0,0.0716,0,1]},
{"frame":11,"values":[0.5231,0.3071,0.795,0,-0.3173,0.9359,-0.1528,0,-0.791,-0.1724,0.5871,0,0,0.0716,0,1]},
{"frame":12,"values":[0.5231,0.3071,0.795,0,-0.3173,0.9359,-0.1528,0,-0.791,-0.1724,0.5871,0,0,0.0716,0,1]}],"loopBehavior":1,"name":"anim","property":"_matrix"}},
{"name":"middle_03_l","index":16,"matrix":[0.987,0.0669,0.1464,0,-0.0611,0.9972,-0.0432,0,-0.1489,0.0337,0.9883,0,0,0.0303,0,1],"rest":[0.987,0.0669,0.1464,0,-0.0611,0.9972,-0.0432,0,-0.1489,0.0337,0.9883,0,0,0.0303,0,1],"parentBoneIndex":15,"length":0.025
,"animation":{"dataType":3,"framePerSecond":24,"keys":[
{"frame":1,"values":[0.987,0.0669,0.1464,0,-0.0611,0.9972,-0.0432,0,-0.1489,0.0337,0.9883,0,0,0.0303,0,1]},
{"frame":2,"values":[0.987,0.0669,0.1464,0,-0.0611,0.9972,-0.0432,0,-0.1489,0.0337,0.9883,0,0,0.0303,0,1]},
{"frame":11,"values":[0.987,0.0669,0.1464,0,-0.0611,0.9972,-0.0432,0,-0.1489,0.0337,0.9883,0,0,0.0303,0,1]},
{"frame":12,"values":[0.987,0.0669,0.1464,0,-0.0611,0.9972,-0.0432,0,-0.1489,0.0337,0.9883,0,0,0.0303,0,1]}],"loopBehavior":1,"name":"anim","property":"_matrix"}},
{"name":"pinky_01_l","index":17,"matrix":[0.8002,0.3933,-0.4528,0,-0.1979,0.8858,0.4198,0,0.5662,-0.2463,0.7866,0,0,0.1711,0,1],"rest":[0.8002,0.3933,-0.4528,0,-0.1979,0.8858,0.4198,0,0.5662,-0.2463,0.7866,0,0,0.1711,0,1],"parentBoneIndex":10,"length":0.0662
,"animation":{"dataType":3,"framePerSecond":24,"keys":[
{"frame":1,"values":[0.8002,0.3933,-0.4528,0,-0.1979,0.8858,0.4198,0,0.5662,-0.2463,0.7866,0,0,0.1711,0,1]},
{"frame":2,"values":[0.8002,0.3933,-0.4528,0,-0.1979,0.8858,0.4198,0,0.5662,-0.2463,0.7866,0,0,0.1711,0,1]},
{"frame":11,"values":[0.8002,0.3933,-0.4528,0,-0.1979,0.8858,0.4198,0,0.5662,-0.2463,0.7866,0,0,0.1711,0,1]},
{"frame":12,"values":[0.8002,0.3933,-0.4528,0,-0.1979,0.8858,0.4198,0,0.5662,-0.2463,0.7866,0,0,0.1711,0,1]}],"loopBehavior":1,"name":"anim","property":"_matrix"}},
{"name":"pinky_02_l","index":18,"matrix":[0.8507,0.2182,0.4782,0,-0.162,0.9743,-0.1563,0,-0.5,0.0555,0.8642,0,0,0.0662,0,1],"rest":[0.8507,0.2182,0.4782,0,-0.162,0.9743,-0.1563,0,-0.5,0.0555,0.8642,0,0,0.0662,0,1],"parentBoneIndex":17,"length":0.0189
,"animation":{"dataType":3,"framePerSecond":24,"keys":[
{"frame":1,"values":[0.8507,0.2182,0.4782,0,-0.162,0.9743,-0.1563,0,-0.5,0.0555,0.8642,0,0,0.0662,0,1]},
{"frame":2,"values":[0.8507,0.2182,0.4782,0,-0.162,0.9743,-0.1563,0,-0.5,0.0555,0.8642,0,0,0.0662,0,1]},
{"frame":11,"values":[0.8507,0.2182,0.4782,0,-0.162,0.9743,-0.1563,0,-0.5,0.0555,0.8642,0,0,0.0662,0,1]},
{"frame":12,"values":[0.8507,0.2182,0.4782,0,-0.162,0.9743,-0.1563,0,-0.5,0.0555,0.8642,0,0,0.0662,0,1]}],"loopBehavior":1,"name":"anim","property":"_matrix"}},
{"name":"pinky_03_l","index":19,"matrix":[0.9166,0.2273,0.3288,0,-0.2095,0.9737,-0.089,0,-0.3404,0.0127,0.9402,0,0,0.0189,0,1],"rest":[0.9166,0.2273,0.3288,0,-0.2095,0.9737,-0.089,0,-0.3404,0.0127,0.9402,0,0,0.0189,0,1],"parentBoneIndex":18,"length":0.014
,"animation":{"dataType":3,"framePerSecond":24,"keys":[
{"frame":1,"values":[0.9166,0.2273,0.3288,0,-0.2095,0.9737,-0.089,0,-0.3404,0.0127,0.9402,0,0,0.0189,0,1]},
{"frame":2,"values":[0.9166,0.2273,0.3288,0,-0.2095,0.9737,-0.089,0,-0.3404,0.0127,0.9402,0,0,0.0189,0,1]},
{"frame":11,"values":[0.9166,0.2273,0.3288,0,-0.2095,0.9737,-0.089,0,-0.3404,0.0127,0.9402,0,0,0.0189,0,1]},
{"frame":12,"values":[0.9166,0.2273,0.3288,0,-0.2095,0.9737,-0.089,0,-0.3404,0.0127,0.9402,0,0,0.0189,0,1]}],"loopBehavior":1,"name":"anim","property":"_matrix"}},
{"name":"ring_01_l","index":20,"matrix":[0.7744,0.2353,-0.5873,0,-0.1209,0.9662,0.2276,0,0.621,-0.1052,0.7767,0,0,0.1711,0,1],"rest":[0.7744,0.2353,-0.5873,0,-0.1209,0.9662,0.2276,0,0.621,-0.1052,0.7767,0,0,0.1711,0,1],"parentBoneIndex":10,"length":0.0686
,"animation":{"dataType":3,"framePerSecond":24,"keys":[
{"frame":1,"values":[0.7744,0.2353,-0.5873,0,-0.1209,0.9662,0.2276,0,0.621,-0.1052,0.7767,0,0,0.1711,0,1]},
{"frame":2,"values":[0.7744,0.2353,-0.5873,0,-0.1209,0.9662,0.2276,0,0.621,-0.1052,0.7767,0,0,0.1711,0,1]},
{"frame":11,"values":[0.7744,0.2353,-0.5873,0,-0.1209,0.9662,0.2276,0,0.621,-0.1052,0.7767,0,0,0.1711,0,1]},
{"frame":12,"values":[0.7744,0.2353,-0.5873,0,-0.1209,0.9662,0.2276,0,0.621,-0.1052,0.7767,0,0,0.1711,0,1]}],"loopBehavior":1,"name":"anim","property":"_matrix"}},
{"name":"ring_02_l","index":21,"matrix":[0.8047,0.2349,0.5453,0,-0.2094,0.9717,-0.1095,0,-0.5556,-0.0261,0.8311,0,0,0.0686,0,1],"rest":[0.8047,0.2349,0.5453,0,-0.2094,0.9717,-0.1095,0,-0.5556,-0.0261,0.8311,0,0,0.0686,0,1],"parentBoneIndex":20,"length":0.0267
,"animation":{"dataType":3,"framePerSecond":24,"keys":[
{"frame":1,"values":[0.8047,0.2349,0.5453,0,-0.2094,0.9717,-0.1095,0,-0.5556,-0.0261,0.8311,0,0,0.0686,0,1]},
{"frame":2,"values":[0.8047,0.2349,0.5453,0,-0.2094,0.9717,-0.1095,0,-0.5556,-0.0261,0.8311,0,0,0.0686,0,1]},
{"frame":11,"values":[0.8047,0.2349,0.5453,0,-0.2094,0.9717,-0.1095,0,-0.5556,-0.0261,0.8311,0,0,0.0686,0,1]},
{"frame":12,"values":[0.8047,0.2349,0.5453,0,-0.2094,0.9717,-0.1095,0,-0.5556,-0.0261,0.8311,0,0,0.0686,0,1]}],"loopBehavior":1,"name":"anim","property":"_matrix"}},
{"name":"ring_03_l","index":22,"matrix":[0.9521,0.1468,0.2684,0,-0.1209,0.9865,-0.1108,0,-0.281,0.073,0.9569,0,0,0.0267,0,1],"rest":[0.9521,0.1468,0.2684,0,-0.1209,0.9865,-0.1108,0,-0.281,0.073,0.9569,0,0,0.0267,0,1],"parentBoneIndex":21,"length":0.0222
,"animation":{"dataType":3,"framePerSecond":24,"keys":[
{"frame":1,"values":[0.9521,0.1468,0.2684,0,-0.1209,0.9865,-0.1108,0,-0.281,0.073,0.9569,0,0,0.0267,0,1]},
{"frame":2,"values":[0.9521,0.1468,0.2684,0,-0.1209,0.9865,-0.1108,0,-0.281,0.073,0.9569,0,0,0.0267,0,1]},
{"frame":11,"values":[0.9521,0.1468,0.2684,0,-0.1209,0.9865,-0.1108,0,-0.281,0.073,0.9569,0,0,0.0267,0,1]},
{"frame":12,"values":[0.9521,0.1468,0.2684,0,-0.1209,0.9865,-0.1108,0,-0.281,0.073,0.9569,0,0,0.0267,0,1]}],"loopBehavior":1,"name":"anim","property":"_matrix"}},
{"name":"thumb_01_l","index":23,"matrix":[0.8012,0.4702,0.3703,0,-0.0824,0.6995,-0.7099,0,-0.5928,0.5382,0.5992,0,0,0.1711,0,1],"rest":[0.8012,0.4702,0.3703,0,-0.0824,0.6995,-0.7099,0,-0.5928,0.5382,0.5992,0,0,0.1711,0,1],"parentBoneIndex":10,"length":0.0307
,"animation":{"dataType":3,"framePerSecond":24,"keys":[
{"frame":1,"values":[0.8012,0.4702,0.3703,0,-0.0824,0.6995,-0.7099,0,-0.5928,0.5382,0.5992,0,0,0.1711,0,1]},
{"frame":2,"values":[0.8012,0.4702,0.3703,0,-0.0824,0.6995,-0.7099,0,-0.5928,0.5382,0.5992,0,0,0.1711,0,1]},
{"frame":11,"values":[0.8012,0.4702,0.3703,0,-0.0824,0.6995,-0.7099,0,-0.5928,0.5382,0.5992,0,0,0.1711,0,1]},
{"frame":12,"values":[0.8012,0.4702,0.3703,0,-0.0824,0.6995,-0.7099,0,-0.5928,0.5382,0.5992,0,0,0.1711,0,1]}],"loopBehavior":1,"name":"anim","property":"_matrix"}},
{"name":"thumb_02_l","index":24,"matrix":[-0.0457,-0.3834,0.9224,0,-0.3622,0.8669,0.3424,0,-0.931,-0.3184,-0.1785,0,0,0.0307,0,1],"rest":[-0.0457,-0.3834,0.9224,0,-0.3622,0.8669,0.3424,0,-0.931,-0.3184,-0.1785,0,0,0.0307,0,1],"parentBoneIndex":23,"length":0.0224
,"animation":{"dataType":3,"framePerSecond":24,"keys":[
{"frame":1,"values":[-0.0457,-0.3834,0.9224,0,-0.3622,0.8669,0.3424,0,-0.931,-0.3184,-0.1785,0,0,0.0307,0,1]},
{"frame":2,"values":[-0.0457,-0.3834,0.9224,0,-0.3622,0.8669,0.3424,0,-0.931,-0.3184,-0.1785,0,0,0.0307,0,1]},
{"frame":11,"values":[-0.0457,-0.3834,0.9224,0,-0.3622,0.8669,0.3424,0,-0.931,-0.3184,-0.1785,0,0,0.0307,0,1]},
{"frame":12,"values":[-0.0457,-0.3834,0.9224,0,-0.3622,0.8669,0.3424,0,-0.931,-0.3184,-0.1785,0,0,0.0307,0,1]}],"loopBehavior":1,"name":"anim","property":"_matrix"}},
{"name":"thumb_03_l","index":25,"matrix":[0.9977,-0.0527,0.0426,0,0.0564,0.9944,-0.0899,0,-0.0376,0.0921,0.995,0,0,0.0224,0,1],"rest":[0.9977,-0.0527,0.0426,0,0.0564,0.9944,-0.0899,0,-0.0376,0.0921,0.995,0,0,0.0224,0,1],"parentBoneIndex":24,"length":0.0369
,"animation":{"dataType":3,"framePerSecond":24,"keys":[
{"frame":1,"values":[0.9977,-0.0527,0.0426,0,0.0564,0.9944,-0.0899,0,-0.0376,0.0921,0.995,0,0,0.0224,0,1]},
{"frame":2,"values":[0.9977,-0.0527,0.0426,0,0.0564,0.9944,-0.0899,0,-0.0376,0.0921,0.995,0,0,0.0224,0,1]},
{"frame":11,"values":[0.9977,-0.0527,0.0426,0,0.0564,0.9944,-0.0899,0,-0.0376,0.0921,0.995,0,0,0.0224,0,1]},
{"frame":12,"values":[0.9977,-0.0527,0.0426,0,0.0564,0.9944,-0.0899,0,-0.0376,0.0921,0.995,0,0,0.0224,0,1]}],"loopBehavior":1,"name":"anim","property":"_matrix"}},
{"name":"clavicle_r","index":26,"matrix":[0.9817,0.1316,-0.1378,0,-0.179,0.8843,-0.4312,0,0.0651,0.448,0.8917,0,0,0.1472,0,1],"rest":[0.9817,0.1316,-0.1378,0,-0.179,0.8843,-0.4312,0,0.0651,0.448,0.8917,0,0,0.1472,0,1],"parentBoneIndex":4,"length":0.1303
,"animation":{"dataType":3,"framePerSecond":24,"keys":[
{"frame":1,"values":[0.9817,0.1316,-0.1378,0,-0.179,0.8843,-0.4312,0,0.0651,0.448,0.8917,0,0,0.1472,0,1]},
{"frame":2,"values":[0.9817,0.1316,-0.1378,0,-0.179,0.8843,-0.4312,0,0.0651,0.448,0.8917,0,0,0.1472,0,1]},
{"frame":11,"values":[0.9817,0.1316,-0.1378,0,-0.179,0.8843,-0.4312,0,0.0651,0.448,0.8917,0,0,0.1472,0,1]},
{"frame":12,"values":[0.9817,0.1316,-0.1378,0,-0.179,0.8843,-0.4312,0,0.0651,0.448,0.8917,0,0,0.1472,0,1]}],"loopBehavior":1,"name":"anim","property":"_matrix"}},
{"name":"upperarm_r","index":27,"matrix":[0.0921,0.1069,-0.99,0,-0.9814,0.1777,-0.0721,0,0.1682,0.9783,0.1212,0,0,0.1303,0,1],"rest":[0.0921,0.1069,-0.99,0,-0.9814,0.1777,-0.0721,0,0.1682,0.9783,0.1212,0,0,0.1303,0,1],"parentBoneIndex":26,"length":0.0781
,"animation":{"dataType":3,"framePerSecond":24,"keys":[
{"frame":1,"values":[0.0921,0.1069,-0.99,0,-0.9814,0.1777,-0.0721,0,0.1682,0.9783,0.1212,0,0,0.1303,0,1]},
{"frame":2,"values":[0.0921,0.1069,-0.99,0,-0.9814,0.1777,-0.0721,0,0.1682,0.9783,0.1212,0,0,0.1303,0,1]},
{"frame":11,"values":[0.0921,0.1069,-0.99,0,-0.9814,0.1777,-0.0721,0,0.1682,0.9783,0.1212,0,0,0.1303,0,1]},
{"frame":12,"values":[0.0921,0.1069,-0.99,0,-0.9814,0.1777,-0.0721,0,0.1682,0.9783,0.1212,0,0,0.1303,0,1]}],"loopBehavior":1,"name":"anim","property":"_matrix"}},
{"name":"lowerarm_r","index":28,"matrix":[0.6979,-0.7151,0.0393,0,0.2951,0.2371,-0.9256,0,0.6525,0.6576,0.3765,0,0,0.0781,0,1],"rest":[0.7672,-0.5927,-0.2453,0,0.2006,0.5849,-0.7859,0,0.6093,0.5537,0.5676,0,0,0.0781,0,1],"parentBoneIndex":27,"length":0.2456
,"animation":{"dataType":3,"framePerSecond":24,"keys":[
{"frame":1,"values":[0.6979,-0.7151,0.0393,0,0.2951,0.2371,-0.9256,0,0.6525,0.6576,0.3765,0,0,0.0781,0,1]},
{"frame":2,"values":[0.6979,-0.7151,0.0393,0,0.2951,0.2371,-0.9256,0,0.6525,0.6576,0.3765,0,0,0.0781,0,1]},
{"frame":11,"values":[0.6979,-0.7151,0.0393,0,0.2951,0.2371,-0.9256,0,0.6525,0.6576,0.3765,0,0,0.0781,0,1]},
{"frame":12,"values":[0.6979,-0.7151,0.0393,0,0.2951,0.2371,-0.9256,0,0.6525,0.6576,0.3765,0,0,0.0781,0,1]}],"loopBehavior":1,"name":"anim","property":"_matrix"}},
{"name":"hand_r","index":29,"matrix":[0.915,0.0771,-0.396,0,-0.145,0.9789,-0.1443,0,0.3765,0.1894,0.9068,0,0,0.2456,0,1],"rest":[0.7623,0.2007,-0.6153,0,-0.5731,0.6512,-0.4975,0,0.3008,0.7319,0.6115,0,0,0.2456,0,1],"parentBoneIndex":28,"length":0.1711
,"animation":{"dataType":3,"framePerSecond":24,"keys":[
{"frame":1,"values":[0.915,0.0771,-0.396,0,-0.145,0.9789,-0.1443,0,0.3765,0.1894,0.9068,0,0,0.2456,0,1]},
{"frame":2,"values":[0.915,0.0771,-0.396,0,-0.145,0.9789,-0.1443,0,0.3765,0.1894,0.9068,0,0,0.2456,0,1]},
{"frame":11,"values":[0.915,0.0771,-0.396,0,-0.145,0.9789,-0.1443,0,0.3765,0.1894,0.9068,0,0,0.2456,0,1]},
{"frame":12,"values":[0.915,0.0771,-0.396,0,-0.145,0.9789,-0.1443,0,0.3765,0.1894,0.9068,0,0,0.2456,0,1]}],"loopBehavior":1,"name":"anim","property":"_matrix"}},
{"name":"index_01_r","index":30,"matrix":[0.8325,0.0791,0.5484,0,0.0935,0.9555,-0.2799,0,-0.5461,0.2843,0.788,0,0,0.1711,0,1],"rest":[0.8325,0.0791,0.5484,0,0.0935,0.9555,-0.2799,0,-0.5461,0.2843,0.788,0,0,0.1711,0,1],"parentBoneIndex":29,"length":0.076
,"animation":{"dataType":3,"framePerSecond":24,"keys":[
{"frame":1,"values":[0.8325,0.0791,0.5484,0,0.0935,0.9555,-0.2799,0,-0.5461,0.2843,0.788,0,0,0.1711,0,1]},
{"frame":2,"values":[0.8325,0.0791,0.5484,0,0.0935,0.9555,-0.2799,0,-0.5461,0.2843,0.788,0,0,0.1711,0,1]},
{"frame":11,"values":[0.8325,0.0791,0.5484,0,0.0935,0.9555,-0.2799,0,-0.5461,0.2843,0.788,0,0,0.1711,0,1]},
{"frame":12,"values":[0.8325,0.0791,0.5484,0,0.0935,0.9555,-0.2799,0,-0.5461,0.2843,0.788,0,0,0.1711,0,1]}],"loopBehavior":1,"name":"anim","property":"_matrix"}},
{"name":"index_02_r","index":31,"matrix":[0.3607,-0.1876,-0.9136,0,0.2668,0.9594,-0.0916,0,0.8937,-0.2107,0.3961,0,0,0.076,0,1],"rest":[0.3607,-0.1876,-0.9136,0,0.2668,0.9594,-0.0916,0,0.8937,-0.2107,0.3961,0,0,0.076,0,1],"parentBoneIndex":30,"length":0.0234
,"animation":{"dataType":3,"framePerSecond":24,"keys":[
{"frame":1,"values":[0.3607,-0.1876,-0.9136,0,0.2668,0.9594,-0.0916,0,0.8937,-0.2107,0.3961,0,0,0.076,0,1]},
{"frame":2,"values":[0.3607,-0.1876,-0.9136,0,0.2668,0.9594,-0.0916,0,0.8937,-0.2107,0.3961,0,0,0.076,0,1]},
{"frame":11,"values":[0.3607,-0.1876,-0.9136,0,0.2668,0.9594,-0.0916,0,0.8937,-0.2107,0.3961,0,0,0.076,0,1]},
{"frame":12,"values":[0.3607,-0.1876,-0.9136,0,0.2668,0.9594,-0.0916,0,0.8937,-0.2107,0.3961,0,0,0.076,0,1]}],"loopBehavior":1,"name":"anim","property":"_matrix"}},
{"name":"index_03_r","index":32,"matrix":[0.9694,-0.0727,-0.2344,0,0.0985,0.9901,0.1,0,0.2248,-0.12,0.967,0,0,0.0234,0,1],"rest":[0.9694,-0.0727,-0.2344,0,0.0985,0.9901,0.1,0,0.2248,-0.12,0.967,0,0,0.0234,0,1],"parentBoneIndex":31,"length":0.0206
,"animation":{"dataType":3,"framePerSecond":24,"keys":[
{"frame":1,"values":[0.9694,-0.0727,-0.2344,0,0.0985,0.9901,0.1,0,0.2248,-0.12,0.967,0,0,0.0234,0,1]},
{"frame":2,"values":[0.9694,-0.0727,-0.2344,0,0.0985,0.9901,0.1,0,0.2248,-0.12,0.967,0,0,0.0234,0,1]},
{"frame":11,"values":[0.9694,-0.0727,-0.2344,0,0.0985,0.9901,0.1,0,0.2248,-0.12,0.967,0,0,0.0234,0,1]},
{"frame":12,"values":[0.9694,-0.0727,-0.2344,0,0.0985,0.9901,0.1,0,0.2248,-0.12,0.967,0,0,0.0234,0,1]}],"loopBehavior":1,"name":"anim","property":"_matrix"}},
{"name":"middle_01_r","index":33,"matrix":[0.7548,-0.0429,0.6545,0,0.0746,0.997,-0.0207,0,-0.6516,0.0645,0.7558,0,0,0.1711,0,1],"rest":[0.7548,-0.0429,0.6545,0,0.0746,0.997,-0.0207,0,-0.6516,0.0645,0.7558,0,0,0.1711,0,1],"parentBoneIndex":29,"length":0.0716
,"animation":{"dataType":3,"framePerSecond":24,"keys":[
{"frame":1,"values":[0.7548,-0.0429,0.6545,0,0.0746,0.997,-0.0207,0,-0.6516,0.0645,0.7558,0,0,0.1711,0,1]},
{"frame":2,"values":[0.7548,-0.0429,0.6545,0,0.0746,0.997,-0.0207,0,-0.6516,0.0645,0.7558,0,0,0.1711,0,1]},
{"frame":11,"values":[0.7548,-0.0429,0.6545,0,0.0746,0.997,-0.0207,0,-0.6516,0.0645,0.7558,0,0,0.1711,0,1]},
{"frame":12,"values":[0.7548,-0.0429,0.6545,0,0.0746,0.997,-0.0207,0,-0.6516,0.0645,0.7558,0,0,0.1711,0,1]}],"loopBehavior":1,"name":"anim","property":"_matrix"}},
{"name":"middle_02_r","index":34,"matrix":[0.5231,-0.3071,-0.795,0,0.3173,0.9359,-0.1528,0,0.791,-0.1724,0.5871,0,0,0.0716,0,1],"rest":[0.5231,-0.3071,-0.795,0,0.3173,0.9359,-0.1528,0,0.791,-0.1724,0.5871,0,0,0.0716,0,1],"parentBoneIndex":33,"length":0.0303
,"animation":{"dataType":3,"framePerSecond":24,"keys":[
{"frame":1,"values":[0.5231,-0.3071,-0.795,0,0.3173,0.9359,-0.1528,0,0.791,-0.1724,0.5871,0,0,0.0716,0,1]},
{"frame":2,"values":[0.5231,-0.3071,-0.795,0,0.3173,0.9359,-0.1528,0,0.791,-0.1724,0.5871,0,0,0.0716,0,1]},
{"frame":11,"values":[0.5231,-0.3071,-0.795,0,0.3173,0.9359,-0.1528,0,0.791,-0.1724,0.5871,0,0,0.0716,0,1]},
{"frame":12,"values":[0.5231,-0.3071,-0.795,0,0.3173,0.9359,-0.1528,0,0.791,-0.1724,0.5871,0,0,0.0716,0,1]}],"loopBehavior":1,"name":"anim","property":"_matrix"}},
{"name":"middle_03_r","index":35,"matrix":[0.987,-0.0669,-0.1464,0,0.0611,0.9972,-0.0432,0,0.1489,0.0337,0.9883,0,0,0.0303,0,1],"rest":[0.987,-0.0669,-0.1464,0,0.0611,0.9972,-0.0432,0,0.1489,0.0337,0.9883,0,0,0.0303,0,1],"parentBoneIndex":34,"length":0.025
,"animation":{"dataType":3,"framePerSecond":24,"keys":[
{"frame":1,"values":[0.987,-0.0669,-0.1464,0,0.0611,0.9972,-0.0432,0,0.1489,0.0337,0.9883,0,0,0.0303,0,1]},
{"frame":2,"values":[0.987,-0.0669,-0.1464,0,0.0611,0.9972,-0.0432,0,0.1489,0.0337,0.9883,0,0,0.0303,0,1]},
{"frame":11,"values":[0.987,-0.0669,-0.1464,0,0.0611,0.9972,-0.0432,0,0.1489,0.0337,0.9883,0,0,0.0303,0,1]},
{"frame":12,"values":[0.987,-0.0669,-0.1464,0,0.0611,0.9972,-0.0432,0,0.1489,0.0337,0.9883,0,0,0.0303,0,1]}],"loopBehavior":1,"name":"anim","property":"_matrix"}},
{"name":"pinky_01_r","index":36,"matrix":[0.8002,-0.3933,0.4528,0,0.1979,0.8858,0.4198,0,-0.5662,-0.2463,0.7866,0,0,0.1711,0,1],"rest":[0.8002,-0.3933,0.4528,0,0.1979,0.8858,0.4198,0,-0.5662,-0.2463,0.7866,0,0,0.1711,0,1],"parentBoneIndex":29,"length":0.0662
,"animation":{"dataType":3,"framePerSecond":24,"keys":[
{"frame":1,"values":[0.8002,-0.3933,0.4528,0,0.1979,0.8858,0.4198,0,-0.5662,-0.2463,0.7866,0,0,0.1711,0,1]},
{"frame":2,"values":[0.8002,-0.3933,0.4528,0,0.1979,0.8858,0.4198,0,-0.5662,-0.2463,0.7866,0,0,0.1711,0,1]},
{"frame":11,"values":[0.8002,-0.3933,0.4528,0,0.1979,0.8858,0.4198,0,-0.5662,-0.2463,0.7866,0,0,0.1711,0,1]},
{"frame":12,"values":[0.8002,-0.3933,0.4528,0,0.1979,0.8858,0.4198,0,-0.5662,-0.2463,0.7866,0,0,0.1711,0,1]}],"loopBehavior":1,"name":"anim","property":"_matrix"}},
{"name":"pinky_02_r","index":37,"matrix":[0.8507,-0.2182,-0.4782,0,0.162,0.9743,-0.1563,0,0.5,0.0555,0.8642,0,0,0.0662,0,1],"rest":[0.8507,-0.2182,-0.4782,0,0.162,0.9743,-0.1563,0,0.5,0.0555,0.8642,0,0,0.0662,0,1],"parentBoneIndex":36,"length":0.0189
,"animation":{"dataType":3,"framePerSecond":24,"keys":[
{"frame":1,"values":[0.8507,-0.2182,-0.4782,0,0.162,0.9743,-0.1563,0,0.5,0.0555,0.8642,0,0,0.0662,0,1]},
{"frame":2,"values":[0.8507,-0.2182,-0.4782,0,0.162,0.9743,-0.1563,0,0.5,0.0555,0.8642,0,0,0.0662,0,1]},
{"frame":11,"values":[0.8507,-0.2182,-0.4782,0,0.162,0.9743,-0.1563,0,0.5,0.0555,0.8642,0,0,0.0662,0,1]},
{"frame":12,"values":[0.8507,-0.2182,-0.4782,0,0.162,0.9743,-0.1563,0,0.5,0.0555,0.8642,0,0,0.0662,0,1]}],"loopBehavior":1,"name":"anim","property":"_matrix"}},
{"name":"pinky_03_r","index":38,"matrix":[0.9166,-0.2273,-0.3288,0,0.2095,0.9737,-0.089,0,0.3404,0.0127,0.9402,0,0,0.0189,0,1],"rest":[0.9166,-0.2273,-0.3288,0,0.2095,0.9737,-0.089,0,0.3404,0.0127,0.9402,0,0,0.0189,0,1],"parentBoneIndex":37,"length":0.014
,"animation":{"dataType":3,"framePerSecond":24,"keys":[
{"frame":1,"values":[0.9166,-0.2273,-0.3288,0,0.2095,0.9737,-0.089,0,0.3404,0.0127,0.9402,0,0,0.0189,0,1]},
{"frame":2,"values":[0.9166,-0.2273,-0.3288,0,0.2095,0.9737,-0.089,0,0.3404,0.0127,0.9402,0,0,0.0189,0,1]},
{"frame":11,"values":[0.9166,-0.2273,-0.3288,0,0.2095,0.9737,-0.089,0,0.3404,0.0127,0.9402,0,0,0.0189,0,1]},
{"frame":12,"values":[0.9166,-0.2273,-0.3288,0,0.2095,0.9737,-0.089,0,0.3404,0.0127,0.9402,0,0,0.0189,0,1]}],"loopBehavior":1,"name":"anim","property":"_matrix"}},
{"name":"ring_01_r","index":39,"matrix":[0.7744,-0.2353,0.5873,0,0.1209,0.9662,0.2276,0,-0.621,-0.1052,0.7767,0,0,0.1711,0,1],"rest":[0.7744,-0.2353,0.5873,0,0.1209,0.9662,0.2276,0,-0.621,-0.1052,0.7767,0,0,0.1711,0,1],"parentBoneIndex":29,"length":0.0686
,"animation":{"dataType":3,"framePerSecond":24,"keys":[
{"frame":1,"values":[0.7744,-0.2353,0.5873,0,0.1209,0.9662,0.2276,0,-0.621,-0.1052,0.7767,0,0,0.1711,0,1]},
{"frame":2,"values":[0.7744,-0.2353,0.5873,0,0.1209,0.9662,0.2276,0,-0.621,-0.1052,0.7767,0,0,0.1711,0,1]},
{"frame":11,"values":[0.7744,-0.2353,0.5873,0,0.1209,0.9662,0.2276,0,-0.621,-0.1052,0.7767,0,0,0.1711,0,1]},
{"frame":12,"values":[0.7744,-0.2353,0.5873,0,0.1209,0.9662,0.2276,0,-0.621,-0.1052,0.7767,0,0,0.1711,0,1]}],"loopBehavior":1,"name":"anim","property":"_matrix"}},
{"name":"ring_02_r","index":40,"matrix":[0.8047,-0.2349,-0.5453,0,0.2094,0.9717,-0.1095,0,0.5556,-0.0261,0.8311,0,0,0.0686,0,1],"rest":[0.8047,-0.2349,-0.5453,0,0.2094,0.9717,-0.1095,0,0.5556,-0.0261,0.8311,0,0,0.0686,0,1],"parentBoneIndex":39,"length":0.0267
,"animation":{"dataType":3,"framePerSecond":24,"keys":[
{"frame":1,"values":[0.8047,-0.2349,-0.5453,0,0.2094,0.9717,-0.1095,0,0.5556,-0.0261,0.8311,0,0,0.0686,0,1]},
{"frame":2,"values":[0.8047,-0.2349,-0.5453,0,0.2094,0.9717,-0.1095,0,0.5556,-0.0261,0.8311,0,0,0.0686,0,1]},
{"frame":11,"values":[0.8047,-0.2349,-0.5453,0,0.2094,0.9717,-0.1095,0,0.5556,-0.0261,0.8311,0,0,0.0686,0,1]},
{"frame":12,"values":[0.8047,-0.2349,-0.5453,0,0.2094,0.9717,-0.1095,0,0.5556,-0.0261,0.8311,0,0,0.0686,0,1]}],"loopBehavior":1,"name":"anim","property":"_matrix"}},
{"name":"ring_03_r","index":41,"matrix":[0.9521,-0.1468,-0.2684,0,0.1209,0.9865,-0.1108,0,0.281,0.073,0.9569,0,0,0.0267,0,1],"rest":[0.9521,-0.1468,-0.2684,0,0.1209,0.9865,-0.1108,0,0.281,0.073,0.9569,0,0,0.0267,0,1],"parentBoneIndex":40,"length":0.0222
,"animation":{"dataType":3,"framePerSecond":24,"keys":[
{"frame":1,"values":[0.9521,-0.1468,-0.2684,0,0.1209,0.9865,-0.1108,0,0.281,0.073,0.9569,0,0,0.0267,0,1]},
{"frame":2,"values":[0.9521,-0.1468,-0.2684,0,0.1209,0.9865,-0.1108,0,0.281,0.073,0.9569,0,0,0.0267,0,1]},
{"frame":11,"values":[0.9521,-0.1468,-0.2684,0,0.1209,0.9865,-0.1108,0,0.281,0.073,0.9569,0,0,0.0267,0,1]},
{"frame":12,"values":[0.9521,-0.1468,-0.2684,0,0.1209,0.9865,-0.1108,0,0.281,0.073,0.9569,0,0,0.0267,0,1]}],"loopBehavior":1,"name":"anim","property":"_matrix"}},
{"name":"thumb_01_r","index":42,"matrix":[0.8012,-0.4702,-0.3703,0,0.0824,0.6995,-0.7099,0,0.5928,0.5382,0.5992,0,0,0.1711,0,1],"rest":[0.8012,-0.4702,-0.3703,0,0.0824,0.6995,-0.7099,0,0.5928,0.5382,0.5992,0,0,0.1711,0,1],"parentBoneIndex":29,"length":0.0307
,"animation":{"dataType":3,"framePerSecond":24,"keys":[
{"frame":1,"values":[0.8012,-0.4702,-0.3703,0,0.0824,0.6995,-0.7099,0,0.5928,0.5382,0.5992,0,0,0.1711,0,1]},
{"frame":2,"values":[0.8012,-0.4702,-0.3703,0,0.0824,0.6995,-0.7099,0,0.5928,0.5382,0.5992,0,0,0.1711,0,1]},
{"frame":11,"values":[0.8012,-0.4702,-0.3703,0,0.0824,0.6995,-0.7099,0,0.5928,0.5382,0.5992,0,0,0.1711,0,1]},
{"frame":12,"values":[0.8012,-0.4702,-0.3703,0,0.0824,0.6995,-0.7099,0,0.5928,0.5382,0.5992,0,0,0.1711,0,1]}],"loopBehavior":1,"name":"anim","property":"_matrix"}},
{"name":"thumb_02_r","index":43,"matrix":[-0.0457,0.3834,-0.9224,0,0.3622,0.8669,0.3424,0,0.931,-0.3184,-0.1785,0,0,0.0307,0,1],"rest":[-0.0457,0.3834,-0.9224,0,0.3622,0.8669,0.3424,0,0.931,-0.3184,-0.1785,0,0,0.0307,0,1],"parentBoneIndex":42,"length":0.0224
,"animation":{"dataType":3,"framePerSecond":24,"keys":[
{"frame":1,"values":[-0.0457,0.3834,-0.9224,0,0.3622,0.8669,0.3424,0,0.931,-0.3184,-0.1785,0,0,0.0307,0,1]},
{"frame":2,"values":[-0.0457,0.3834,-0.9224,0,0.3622,0.8669,0.3424,0,0.931,-0.3184,-0.1785,0,0,0.0307,0,1]},
{"frame":11,"values":[-0.0457,0.3834,-0.9224,0,0.3622,0.8669,0.3424,0,0.931,-0.3184,-0.1785,0,0,0.0307,0,1]},
{"frame":12,"values":[-0.0457,0.3834,-0.9224,0,0.3622,0.8669,0.3424,0,0.931,-0.3184,-0.1785,0,0,0.0307,0,1]}],"loopBehavior":1,"name":"anim","property":"_matrix"}},
{"name":"thumb_03_r","index":44,"matrix":[0.9977,0.0527,-0.0426,0,-0.0564,0.9944,-0.0899,0,0.0376,0.0921,0.995,0,0,0.0224,0,1],"rest":[0.9977,0.0527,-0.0426,0,-0.0564,0.9944,-0.0899,0,0.0376,0.0921,0.995,0,0,0.0224,0,1],"parentBoneIndex":43,"length":0.0369
,"animation":{"dataType":3,"framePerSecond":24,"keys":[
{"frame":1,"values":[0.9977,0.0527,-0.0426,0,-0.0564,0.9944,-0.0899,0,0.0376,0.0921,0.995,0,0,0.0224,0,1]},
{"frame":2,"values":[0.9977,0.0527,-0.0426,0,-0.0564,0.9944,-0.0899,0,0.0376,0.0921,0.995,0,0,0.0224,0,1]},
{"frame":11,"values":[0.9977,0.0527,-0.0426,0,-0.0564,0.9944,-0.0899,0,0.0376,0.0921,0.995,0,0,0.0224,0,1]},
{"frame":12,"values":[0.9977,0.0527,-0.0426,0,-0.0564,0.9944,-0.0899,0,0.0376,0.0921,0.995,0,0,0.0224,0,1]}],"loopBehavior":1,"name":"anim","property":"_matrix"}},
{"name":"thigh_l","index":45,"matrix":[-0.1824,0.9767,0.1133,0,0.7395,0.0603,0.6705,0,0.648,0.2061,-0.7332,0,0,0.0573,0,1],"rest":[-0.1824,0.9767,0.1133,0,0.7395,0.0603,0.6704,0,0.648,0.2061,-0.7331,0,0,0.0573,0,1],"parentBoneIndex":1,"length":0.0955
,"animation":{"dataType":3,"framePerSecond":24,"keys":[
{"frame":1,"values":[-0.1824,0.9767,0.1133,0,0.7395,0.0603,0.6705,0,0.648,0.2061,-0.7332,0,0,0.0573,0,1]},
{"frame":2,"values":[-0.1824,0.9767,0.1133,0,0.7395,0.0603,0.6705,0,0.648,0.2061,-0.7332,0,0,0.0573,0,1]},
{"frame":11,"values":[-0.1824,0.9767,0.1133,0,0.7395,0.0603,0.6705,0,0.648,0.2061,-0.7332,0,0,0.0573,0,1]},
{"frame":12,"values":[-0.1824,0.9767,0.1133,0,0.7395,0.0603,0.6705,0,0.648,0.2061,-0.7332,0,0,0.0573,0,1]}],"loopBehavior":1,"name":"anim","property":"_matrix"}},
{"name":"calf_l","index":46,"matrix":[-0.2115,0.747,0.6303,0,0.0414,0.6511,-0.7578,0,-0.9765,-0.1342,-0.1686,0,0,0.0955,0,1],"rest":[-0.2226,0.6353,0.7395,0,0.0121,0.7603,-0.6495,0,-0.9748,-0.1356,-0.1769,0,0,0.0955,0,1],"parentBoneIndex":45,"length":0.3091
,"animation":{"dataType":3,"framePerSecond":24,"keys":[
{"frame":1,"values":[-0.2115,0.747,0.6303,0,0.0414,0.6511,-0.7578,0,-0.9765,-0.1342,-0.1686,0,0,0.0955,0,1]},
{"frame":2,"values":[-0.2115,0.747,0.6303,0,0.0414,0.6511,-0.7578,0,-0.9765,-0.1342,-0.1686,0,0,0.0955,0,1]},
{"frame":11,"values":[-0.2115,0.747,0.6303,0,0.0414,0.6511,-0.7578,0,-0.9765,-0.1342,-0.1686,0,0,0.0955,0,1]},
{"frame":12,"values":[-0.2115,0.747,0.6303,0,0.0414,0.6511,-0.7578,0,-0.9765,-0.1342,-0.1686,0,0,0.0955,0,1]}],"loopBehavior":1,"name":"anim","property":"_matrix"}},
{"name":"foot_l","index":47,"matrix":[0.9865,0.0741,-0.1461,0,-0.0547,0.9896,0.1327,0,0.1544,-0.1229,0.9803,0,0,0.3091,0,1],"rest":[0.9865,0.0741,-0.1461,0,-0.0547,0.9896,0.1327,0,0.1544,-0.1229,0.9803,0,0,0.3091,0,1],"parentBoneIndex":46,"length":0.3242
,"animation":{"dataType":3,"framePerSecond":24,"keys":[
{"frame":1,"values":[0.9865,0.0741,-0.1461,0,-0.0547,0.9896,0.1327,0,0.1544,-0.1229,0.9803,0,0,0.3091,0,1]},
{"frame":2,"values":[0.9865,0.0741,-0.1461,0,-0.0547,0.9896,0.1327,0,0.1544,-0.1229,0.9803,0,0,0.3091,0,1]},
{"frame":11,"values":[0.9865,0.0741,-0.1461,0,-0.0547,0.9896,0.1327,0,0.1544,-0.1229,0.9803,0,0,0.3091,0,1]},
{"frame":12,"values":[0.9865,0.0741,-0.1461,0,-0.0547,0.9896,0.1327,0,0.1544,-0.1229,0.9803,0,0,0.3091,0,1]}],"loopBehavior":1,"name":"anim","property":"_matrix"}},
{"name":"ball_l","index":48,"matrix":[0.8317,-0.5552,0.0102,0,0.2377,0.3395,-0.9101,0,0.5018,0.7593,0.4143,0,0,0.3242,0,1],"rest":[0.902,-0.4318,-0.0039,0,0.1651,0.3532,-0.9209,0,0.399,0.8299,0.3899,0,0,0.3242,0,1],"parentBoneIndex":47,"length":0.1559
,"animation":{"dataType":3,"framePerSecond":24,"keys":[
{"frame":1,"values":[0.8317,-0.5552,0.0102,0,0.2377,0.3395,-0.9101,0,0.5018,0.7593,0.4143,0,0,0.3242,0,1]},
{"frame":2,"values":[0.8317,-0.5552,0.0102,0,0.2377,0.3395,-0.9101,0,0.5018,0.7593,0.4143,0,0,0.3242,0,1]},
{"frame":11,"values":[0.8317,-0.5552,0.0102,0,0.2377,0.3395,-0.9101,0,0.5018,0.7593,0.4143,0,0,0.3242,0,1]},
